M = [6 9 12 15 18 21; 4 4 4 4 4 4; 2 1 0 -1 -2 -3; -6 -4 -2 0 2 4];
A = M([1,3], [2,4]);
B = M(:, [1,4:6]);
C = M([2,3], :);
A == [9 15; 1 -1]
B == [6 15 18 21; 4 4 4 4; 2 -1 -2 -3; -6 0 2 4]
C == [4 4 4 4 4 4; 2 1 0 -1 -2 -3]
