A = [12 17 3 4];
B = [5 8 3; 1 2 3; 2 4 6];
C = [22; 17; 4];
x1 = A(:, 2)
x2 = B(:, 3)
x3 = B(3, :)
x4 = [A(1, 1:3); B(1, :); B(2, :); B(3, :)]
